0 0.28840317187500003 0.509375 0.28443126093750004 0.42233649843750004 0.29752455 0.3231803796875 0.2909779046875 0.3231803796875 0.2827945984375 0.34849683593749997 0.2827945984375 0.3801424046875 0.27297463125 0.41178797500000003 0.27297463125 0.4666402953125 0.27952127656250003 0.5025052750000001 0.27952127656250003 0.509375 0.28840317187500003 0.509375
1 0.4890625 0 0.4890625 0.0579702328125 0.4905993859375 0.0698004296875 0.50945184375 0.0932093546875 0.5324026640625 0.1019877015625 0.560271515625 0.1049138171875 0.586501025 0.0880886515625 0.596337090625 0.0639481984375 0.6028944671875001 0.0617536125 0.6110911890625 0.0639481984375 0.6324026640625 0.0617536125 0.6471567625000001 0.0712634875 0.678304303125 0.0756526609375 0.6946977453125001 0.074189603125 0.7348616796874999 0.0434653890625 0.737320696875 0.033223984375 0.7438780734374999 0.0310293984375 0.7414190578125 0.0185934078125 0.7438780734374999 0.0068889453125 0.741948321875 0 0.4890625 0
2 0 0.7020811328125001 0.006690528125 0.6995135078125 0.02519273125 0.6995135078125 0.0348843609375 0.700978709375 0.039289646875 0.7046417125 0.04633810625 0.7046417125 0.05162445 0.700978709375 0.065721365625 0.7002461078125 0.0727698234375 0.6965831046875 0.07188876718750001 0.6760702843749999 0.0674834796875 0.6680116765624999 0.060435021874999995 0.664348671875 0.058672907812499994 0.6592204671874999 0.045457048437499994 0.645301053125 0.011976871875 0.6467662546875 0.0058094718750000005 0.64163805 0.0049284140625 0.632114240625 0.0022852421875 0.6299164375 0 0.6283781937499999 0 0.7020811328125001
2 0 0.7478651562499999 0.0022852421875 0.7478651562499999 0.0155011015625 0.750795559375 0.026954845312499996 0.7442021515625 0.031360132812500004 0.7442021515625 0.036646475 0.7544585625 0.0472191625 0.7588541671875 0.0621971359375 0.7588541671875 0.0701266515625 0.7537259609375 0.082461453125 0.752260759375 0.0939151984375 0.7463999546875 0.141492290625 0.744934753125 0.15470815 0.739073946875 0.1485407484375 0.7295501375000001 0.1441354625 0.7280849359375 0.061316079687500004 0.7192937265625 0.045457048437499994 0.71050251875 0.0428138765625 0.708304715625 0.038408590625 0.71123511875 0.031360132812500004 0.71050251875 0.011095815625 0.717095925 0 0.7164808453125 0 0.7478651562499999
2 0.34765969218750004 0.7493303578124999 0.3397301765625 0.745667353125 0.32915748906250003 0.745667353125 0.320346915625 0.7493303578124999 0.3124174015625 0.744934753125 0.3080121140625 0.744934753125 0.30625 0.74859775625 0.3097742296875 0.7537259609375 0.31065528593749997 0.7727735812500001 0.308893171875 0.7910885984375 0.31153634375 0.8013450093750001 0.327395375 0.8057406140625 0.35470815 0.8042754125 0.35999449375000003 0.7940190015624999 0.36087555 0.7837625921875 0.3591134359375 0.7742387828125 0.35294603593749996 0.7654475734374999 0.34765969218750004 0.7493303578124999
2 0.38642621093749996 0.763982371875 0.3855451546875 0.763982371875 0.3749724671875 0.7683779765625001 0.3696861234375 0.7742387828125 0.3643997796875 0.7940190015624999 0.3643997796875 0.802077609375 0.3670429515625 0.8035428109375001 0.395236784375 0.8050080125000001 0.39787995625 0.8028102109375 0.39787995625 0.7962168046875 0.40404735625 0.7910885984375 0.400523128125 0.782297390625 0.400523128125 0.7713083796875 0.38642621093749996 0.763982371875
2 0.4269548453125 0.777169184375 0.42519273125 0.795484203125 0.42959801718749996 0.8028102109375 0.4569107921875 0.8057406140625 0.46660242343749997 0.802077609375 0.4683645375 0.7852277937500001 0.47188876718749995 0.782297390625 0.47188876718749995 0.777169184375 0.46484030781249996 0.766912775 0.45250550624999997 0.763982371875 0.4472191625 0.763982371875 0.4269548453125 0.777169184375
2 0.43840859062500004 0.6899896984375 0.42959801718749996 0.6694768765625 0.4216685015625 0.6650812734375 0.411976871875 0.645301053125 0.4102147578125 0.645301053125 0.3996420703125 0.651894459375 0.3881883265625 0.64896405625 0.3749724671875 0.6540922625000001 0.373210353125 0.657755265625 0.375853525 0.6687442765625 0.3925936125 0.6973157046875 0.39876101249999996 0.69878090625 0.40404735625 0.7039091125 0.41902532968750006 0.7046417125 0.42607378906250004 0.708304715625 0.433122246875 0.7031765109375 0.43840859062500004 0.6899896984375
2 0.3485407484375 0.6401728484375 0.34942180624999997 0.6365098437500001 0.34765969218750004 0.632846840625 0.33884911875 0.6299164375 0.298320484375 0.6255208328124999 0.29567731249999996 0.6255208328124999 0.292153084375 0.6284512359375001 0.29039096875000003 0.6365098437500001 0.293034140625 0.6775354859375 0.2974394265625 0.6782680859375001 0.30096365625 0.6760702843749999 0.3080121140625 0.6811984890625 0.3159416296875 0.6819310890625 0.3318006609375 0.6753376828125 0.346778634375 0.6650812734375 0.34149229062500003 0.644568453125 0.3441354625 0.6409054484375 0.3485407484375 0.6401728484375
2 0.25338656406250004 0.5998798078124999 0.25250550625 0.6064732140625 0.25338656406250004 0.62405563125 0.2569107921875 0.6350446421875 0.2666024234375 0.6401728484375 0.2859856828125 0.6409054484375 0.29039096875000003 0.632114240625 0.2912720265625 0.61086881875 0.276294053125 0.59914720625 0.2639592515625 0.5962168046875 0.2569107921875 0.5962168046875 0.25338656406250004 0.5998798078124999
2 0.21990638749999997 0.6152644234375 0.2340033046875 0.5998798078124999 0.23488436093749998 0.594751603125 0.20404735624999998 0.5844951921875 0.19934867812499998 0.5844951921875 0.18906938281250002 0.58522779375 0.1925936125 0.5962168046875 0.21109581562500002 0.6159970234375 0.21990638749999997 0.6152644234375
1 1 0.5670542875 0.9635017687499999 0.569174040625 0.8885642171875 0.5662241890625 0.869413509375 0.569174040625 0.8544259984375 0.5669616515625 0.8510954406250001 0.5640118000000001 0.8236183390624999 0.565486725 0.816124584375 0.5625368734375 0.7753252500000001 0.5632743359375001 0.7694967734375 0.561061946875 0.7595050999999999 0.5640118000000001 0.7220363234375 0.561061946875 0.694559221875 0.5632743359375001 0.6770737921875 0.5595870203125 0.6387723765625 0.5603244843749999 0.6321112609374999 0.55737463125 0.611295275 0.55737463125 0.5963077640625001 0.5603244843749999 0.5854834515625 0.5809734515625 0.57715705625 0.5846607671874999 0.570495940625 0.583185840625 0.56133690625 0.58761061875 0.54551675625 0.5846607671874999 0.5380230015625 0.5883480828125001 0.49555838906250005 0.5920353984375 0.4890625 0.5862820328125 0.4890625 0.824557046875 0.500554225 0.8287610624999999 0.5063827015625 0.819174040625 0.5213702125 0.8162241890624999 0.5263660484375 0.82138643125 0.5263660484375 0.8272861359375 0.5222028515625 0.832448378125 0.5213702125 0.847935103125 0.5371903625 0.8604719765625 0.5355250828125 0.8648967546874999 0.5380230015625 0.8693215343749999 0.5405209203125 0.855309734375 0.55051259375 0.848672565625 0.5746591375 0.8420353984375 0.5829855328125 0.8353982296875 0.6013036015625 0.8346607671875 0.6079647171875 0.8368731562499999 0.612960553125 0.8435103250000001 0.6104626359375 0.8501474921875 0.6121279140625 0.8538348078125001 0.6279480640624999 0.8612094390625 0.633776540625 0.8612094390625 0.6371070984375 0.870058996875 0.63544181875 0.8774336281250001 0.6504293296875 0.8818584078124999 0.6595883640625 0.8877581124999999 0.658755725 0.891445428125 0.6620862828125 0.89513274375 0.6704126765625 0.8966076703125001 0.6754085140624999 0.8907079640625 0.68290226875 0.8870206484375001 0.687065465625 0.8877581124999999 0.69872241875 0.88038348125 0.705383534375 0.8693215343749999 0.71454256875 0.8634218296875 0.7178731265625 0.8641592921875001 0.73036271875 0.8582595874999999 0.75700718125 0.854572271875 0.761170378125 0.85088495625 0.7803210859374999 0.8530973453125 0.7836516437500001 0.848672565625 0.8036349921875001 0.84498525 0.8152919437499999 0.832448378125 0.8427690468750001 0.8235988203125 0.8477648828125 0.8176991156250001 0.8594218359375001 0.8169616515625 0.885233659375 0.8088495578125 0.907714925 0.811799409375 0.923535075 0.8176991156250001 0.9418531437500001 0.83761061875 0.9618364906250001 0.84498525 0.9718281640625002 0.8457227140625001 0.9834851171875 0.8427728609375 0.9976399875 0.848672565625 1 0.848463540625 1 0.5670542875
2 1 0.509375 0.521949590625 0.509375 0.5213702125 0.5109144546875 0.51887229375 0.54188790625 0.530529246875 0.55 0.5688306625 0.55737463125 0.62961334375 0.5514749265625001 0.689563384375 0.5551622421875 0.7178731265625 0.553687315625 0.737023834375 0.55737463125 0.8510954406250001 0.5581120937499999 0.8644176734375 0.5632743359375001 0.8835683812500001 0.5603244843749999 0.9718281640625002 0.5632743359375001 1 0.562361471875 1 0.509375