2 0.09198087968749999 0 0.10263022968749999 0.0233247421875 0.09934885156249999 0.030541237500000002 0.0739181703125 0.0542525765625 0.0730978265625 0.0666237109375 0.0903250609375 0.0882731953125 0.095247128125 0.106829896875 0.11001333124999998 0.11198453593749999 0.1124743640625 0.11610824687500002 0.1116540203125 0.1460051546875 0.114115053125 0.15528350468750002 0.1313422890625 0.1676546390625 0.14938986875 0.2006443296875 0.1608746921875 0.204768040625 0.171539171875 0.195489690625 0.1764612390625 0.195489690625 0.1928681296875 0.20786082499999997 0.185485028125 0.2346649484375 0.1879460625 0.2542525765625 0.224041221875 0.3006443296875 0.22322087812500002 0.318170103125 0.203532609375 0.35425257656250003 0.20025123125 0.37177835 0.2027122640625 0.3800257734375 0.19861054218750002 0.39136597968750003 0.19861054218750002 0.41507732031250005 0.20025123125 0.42744845312499996 0.2051732984375 0.4346649484375 0.17235951562500001 0.49755154687500003 0.17071882656249998 0.520231959375 0.17317986093749999 0.526417525 0.1863053734375 0.5398195875 0.20763433125000003 0.542912371875 0.2182988109375 0.550128865625 0.23467601718750003 0.56875 0.6 0.56875 0.6 0.5208940078125 0.5866335109375 0.5222938140625 0.5702266203125 0.5398195875 0.562023175 0.5583762890624999 0.552179040625 0.5573453609375 0.5374128390624999 0.5480670109375 0.5095211234375 0.55115979375 0.5062397453124999 0.5552835046875 0.4906532 0.5552835046875 0.48409044375 0.55115979375 0.4701445859375 0.5356958765625001 0.4644021734375 0.5119845359374999 0.4832700984375 0.46662371093750005 0.500497334375 0.4542525765625 0.5119821578125 0.4367268046875 0.527568703125 0.39136597968750003 0.527568703125 0.384149484375 0.5160838796875 0.372809278125 0.46932424062500006 0.3594072171875 0.45209700625 0.37590206249999997 0.45455803906250003 0.3893041234375 0.449635971875 0.4027061859375 0.4438935609375 0.406829896875 0.43486977031249996 0.40579896875 0.4127204671875 0.3666237109375 0.41107977812499996 0.350128865625 0.397954265625 0.32332474218749996 0.3758049625 0.2903350515625 0.35201497187499997 0.26868556718750003 0.3413504921875 0.2460051546875 0.2995129203125 0.218170103125 0.2806449953125 0.2222938140625 0.25275328125 0.2006443296875 0.23224466718749998 0.19239690781250002 0.22896328906250002 0.18311855625 0.229783634375 0.1439432984375 0.2248615671875 0.13157216562500001 0.2068139875 0.11095360781250001 0.185485028125 0.10064432968749999 0.171539171875 0.07487113437500001 0.15677297031249998 0.0666237109375 0.151850903125 0.0552835046875 0.1534915921875 0.031572165624999995 0.15021021406249999 0.0150773203125 0.1543119359375 0.004768040625 0.1546913453125 0 0.09198087968749999 0
2 0.256034659375 0.1037371140625 0.23142432343750002 0.1253865984375 0.229783634375 0.1326030921875 0.23470570156249998 0.14188144375 0.25357362656250004 0.1490979375 0.261777071875 0.1573453609375 0.26916017187499996 0.1563144328125 0.275722928125 0.1460051546875 0.275722928125 0.1099226796875 0.2863874078125 0.098582475 0.2855670625 0.084149484375 0.281465340625 0.0779639171875 0.27162120624999997 0.082087628125 0.256034659375 0.1037371140625
2 0.19226219218750001 0 0.191227440625 0.004768040625 0.19532916250000001 0.0130154640625 0.2068139875 0.0130154640625 0.2248615671875 0.0027061859375 0.23634639062499999 0.017139175 0.2388074234375 0.0326030921875 0.2478312140625 0.034664948437499996 0.25232164687499997 0 0.19226219218750001 0
2 0.40697805625 0.030541237500000002 0.40287633281249996 0.0326030921875 0.397954265625 0.050128865625 0.39713392187499996 0.0676546390625 0.40123564375000004 0.082087628125 0.404517021875 0.08311855625 0.417642534375 0.0666237109375 0.40697805625 0.030541237500000002
2 0.1083726421875 0.342912371875 0.1182167765625 0.33775773125 0.1297016 0.350128865625 0.127240565625 0.320231959375 0.1190371203125 0.3037371140625 0.11001333124999998 0.29755154687499996 0.08540299375 0.29755154687499996 0.08540299375 0.306829896875 0.10098954062500001 0.32332474218749996 0.1083726421875 0.342912371875
0 1 0.4322614734375 0.9159420296875 0.4366394921875 0.6 0.42961855781249997 0.6 0.43019403125 0.8652173906249999 0.45113224687500003 1 0.44056106093749997 1 0.4322614734375
0 0.6 0.8830626125000001 0.34883223750000003 0.877728175 0.380411184375 0.899950396875 0.4583059203125 0.9158234125 0.502516446875 0.899950396875 0.6 0.9110446609375 0.6 0.8830626125000001
0 0 0.9885168656250001 0.01199013125 0.9824900796874999 0.1635690796875 0.9856646828125001 0.24146381562500002 0.94756944375 0.2330427625 0.9348710312499999 0.016200657812499998 0.9666170640624999 0 0.9710143859375 0 0.9885168656250001
0 0.2477796046875 0.9507440468749999 0.279358553125 0.9697916671875 0.36988486875 0.9602678578124999 0.2477796046875 0.9507440468749999
0 0.6 0.6086373046875 0.5457690796875 0.6142361109375 0.24988486875000002 0.6237599203124999 0.0340953953125 0.65868055625 0 0.6595594234375 0 0.7032276671875 0.09199013125 0.69677579375 0.2883059203125 0.655505953125 0.5930427625 0.6396329359374999 0.6 0.6386570218750001 0.6 0.6086373046875
0 0.785567434375 0.56875 0.7625 0.71484375 0.715625 0.75 0.69609375 0.828125 0.62578125 0.875 0.6 0.9155133921875 0.6 0.945746528125 0.61796875 0.92578125 0.6296875 0.890625 0.7078125 0.8359375 0.7234375 0.7578125 0.778125 0.71484375 0.778125 0.6484375 0.7948037796875 0.56875 0.785567434375 0.56875