1 0 0.29570579375 0.0082690328125 0.29509288125 0.039544753125 0.2767912703125 0.042836934375 0.27166681875 0.06259002031250001 0.262882046875 0.057651748437500004 0.25556140156249996 0.057651748437500004 0.24604456406250003 0.061766975 0.2423842421875 0.06999742812500001 0.241652178125 0.09139660468750001 0.2540972734375 0.0996270578125 0.2738630125 0.117734053125 0.279719528125 0.12184927968749999 0.277523334375 0.130902778125 0.2599537890625 0.13584105 0.24677662812499998 0.1350180046875 0.239455984375 0.148186728125 0.22847501874999998 0.154771090625 0.21749405156249998 0.148186728125 0.1874794109375 0.1506558640625 0.17649844374999998 0.141602365625 0.1691778 0.153125 0.1589288984375 0.16300154375 0.15746476874999998 0.168762859375 0.15234031875 0.17534722187500001 0.15234031875 0.188515946875 0.1435555453125 0.1926311734375 0.1376990296875 0.1901620375 0.1303783859375 0.1959233546875 0.127450128125 0.21073816875 0.1281821921875 0.218968621875 0.11866535468749999 0.22390689375 0.10622025937499999 0.21979166718749998 0.1018278734375 0.2000385796875 0.0959713578125 0.195100309375 0.0827941984375 0.18769290156250001 0.07620561875000001 0.161355453125 0.072545296875 0.1457175921875 0.07400942499999999 0.1267875515625 0.0813300703125 0.1136188265625 0.0813300703125 0.100450103125 0.08572245625 0.0164994859375 0.0901148421875 0.004976851562500001 0.087186584375 0 0.08767844062499999 0 0.29570579375
1 0.559375 0.22441330937499998 0.553125 0.2218864390625 0.5300797328125 0.21969024531249998 0.517734053125 0.227742953125 0.5169110078125 0.2423842421875 0.5234953703125 0.2453125 0.52596450625 0.25775759531250003 0.530902778125 0.260685853125 0.5448945468749999 0.258489659375 0.559375 0.2487188078125 0.559375 0.22441330937499998
1 0.5572402265624999 0.191871796875 0.5555941359375 0.18455115312499998 0.5473636828124999 0.17649844374999998 0.5292566875 0.1706419296875 0.507034465625 0.15234031875 0.47164351875 0.15600064062500002 0.4543595671875 0.167713671875 0.453536521875 0.17649844374999998 0.45682870312499996 0.18015876718749999 0.473289609375 0.1830870234375 0.47822788125000004 0.1889435390625 0.48892746875000004 0.19113973281250002 0.49880401250000006 0.2021206984375 0.5012731484375 0.213101665625 0.5062114203125 0.21749405156249998 0.517734053125 0.21676198750000003 0.5230838484375 0.2127356328125 0.5473636828124999 0.20724515000000002 0.5572402265624999 0.191871796875
1 0.3778163578125 0.1281821921875 0.39427726406249997 0.134770771875 0.4033307609375 0.136966965625 0.4247299375 0.1355028375 0.4403677984375 0.13916315937499998 0.4551826125 0.12891425625 0.463413065625 0.11793329062499999 0.461766975 0.11280883906250001 0.45024434218750004 0.1025599375 0.4436599796875 0.1025599375 0.378639403125 0.120129484375 0.3778163578125 0.1281821921875
1 0 0.040843476562499995 0.009092078125 0.05643987968750001 0.025552982812500003 0.06083226562500001 0.0354295265625 0.06083226562500001 0.040367798437500005 0.057171943749999996 0.0453060703125 0.04765510625 0.0453060703125 0.0169084 0.040367798437500005 0.0088556921875 0.0247299375 0.0051953703125 0.012384259375 0.0066594984375 0.002507715625 0.0147122078125 0 0.01949186875 0 0.040843476562499995
1 0.30868055625 0.1135409046875 0.30703446562500003 0.11939741875000001 0.293865740625 0.12525393437500001 0.2979809671875 0.134770771875 0.3152649171875 0.13843109375 0.327610596875 0.1545365109375 0.339956275 0.15234031875 0.3555941359375 0.145019675 0.361355453125 0.1376990296875 0.35970936249999996 0.13111045 0.3440715015625 0.1281821921875 0.341602365625 0.1135409046875 0.3366640953125 0.1054881953125 0.317734053125 0.106952325 0.30868055625 0.1135409046875
1 0.45024434218750004 0.2453125 0.4642361109375 0.24677662812499998 0.47411265468749997 0.2453125 0.48810442343749993 0.23140327656249998 0.48481224218749996 0.218226115625 0.47740483593749994 0.20944134375 0.473289609375 0.2087092796875 0.46505915625 0.20944134375 0.44612911562499996 0.2292070828125 0.44612911562499996 0.2423842421875 0.45024434218750004 0.2453125
1 0.08413469999999999 0.3 0.08645833281250001 0.2819157203125 0.0815200625 0.27605920625 0.07493570000000001 0.2745950765625 0.0691743828125 0.277523334375 0.056828703125000005 0.287040171875 0.0502443421875 0.2994852671875 0.0502888578125 0.3 0.08413469999999999 0.3
1 0.29744681093750003 0.128438415625 0.2802336421875 0.11924515 0.25699660468749996 0.1315028375 0.219989196875 0.1429933203125 0.202776028125 0.152952325 0.17437520625 0.1636778 0.17179331250000002 0.192022603125 0.184702778125 0.205046028125 0.218268209375 0.2088761890625 0.23720154375 0.20427955781249998 0.263021296875 0.1805313875 0.27506985625 0.1682744328125 0.295725 0.152186584375 0.29744681093750003 0.128438415625
1 0.2181455765625 0.04765510625 0.22061471250000003 0.057904007812500005 0.229668209375 0.06376052343750001 0.242836934375 0.0652246515625 0.2469521609375 0.0601002015625 0.2469521609375 0.05131542812499999 0.2378986625 0.0403344625 0.22802211875 0.0366741390625 0.21732253125 0.038138268749999996 0.21403034999999998 0.043994784375 0.2181455765625 0.04765510625
0 0.21689268906249998 0.5900493421874999 0.20934551875000001 0.6111019734375001 0.22443985781250003 0.61636513125 0.231987028125 0.6005756578125 0.23576061250000002 0.5795230265625 0.21689268906249998 0.57425986875 0.22821344375 0.5374177625 0.2621757078125 0.5163651312499999 0.28481721718749997 0.4795230265625 0.31877948125 0.484786184375 0.3036851421875 0.4532072375 0.31123231093750003 0.40057565781250004 0.296137971875 0.3795230265625 0.258402121875 0.36899671093749997 0.25462853750000003 0.36899671093749997 0.1074587265625 0.49004934218749996 0.0885908015625 0.5479440796875 0.0885908015625 0.5689967109375 0.09991155625 0.57425986875 0.0885908015625 0.5953125 0.09991155625 0.6426809203125 0.145194575 0.6584703953125001 0.15651532968749998 0.6426809203125 0.1640625 0.663733553125 0.1753832546875 0.6584703953125001 0.205571934375 0.5900493421874999 0.21689268906249998 0.5900493421874999
0 1 0.547268059375 0.559375 0.5424954359375 0.559375 0.7016431953125 0.57046280625 0.7019100609375 1 0.7342208390625 1 0.547268059375