1 0.6390625 0.046978021875 0.4658991921875 0.046978021875 0.4633803 0.058699634375 0.4499462109375 0.055769231249999995 0.44238953593749997 0.0491758234375 0.43567249218750004 0.05650183125 0.4188798796875 0.053571428125 0.41636098906249996 0.059432234375000004 0.40964394375 0.0608974359375 0.41048357500000004 0.07261904687500001 0.40124763906250005 0.084340659375 0.3861342890625 0.08653846093749999 0.3852946578125 0.109249084375 0.37941724374999997 0.1136446890625 0.353388696875 0.1143772890625 0.344992390625 0.10631868124999999 0.338275346875 0.11071428593749999 0.32819977968749997 0.10705128281250001 0.323161996875 0.1114468859375 0.3248412578125 0.11877289375 0.322322365625 0.1231684984375 0.314765690625 0.1231684984375 0.3130864296875 0.1202380953125 0.3055297546875 0.1290293046875 0.292095665625 0.12536629999999999 0.2929352953125 0.12976190468749998 0.28621825156249997 0.1363553109375 0.2753030546875 0.1363553109375 0.27362379375 0.13122710625 0.24423672343749997 0.1334249078125 0.23500078750000003 0.1290293046875 0.22660448125000002 0.1290293046875 0.2215666984375 0.13489010937499998 0.21401002343750003 0.13049450625 0.21317039218749997 0.121703296875 0.2014155640625 0.1136446890625 0.2014155640625 0.109981684375 0.1913399984375 0.099725275 0.187981475 0.0858058609375 0.16279255937499998 0.083608059375 0.15187736093749998 0.0916666671875 0.1451603171875 0.08653846093749999 0.1493584703125 0.0740842484375 0.14348105625000002 0.07701465156250001 0.1409621640625 0.07481685 0.13592438125 0.08141025625000001 0.13676401093749999 0.0887362640625 0.14180179531249998 0.0916666671875 0.13592438125 0.099725275 0.124169553125 0.099725275 0.11913176875 0.10631868124999999 0.11157509375 0.1077838828125 0.10569768125000001 0.122435896875 0.11577324687499999 0.1378205125 0.1140939859375 0.1510073265625 0.1224902921875 0.1510073265625 0.12752807500000002 0.1546703296875 0.13088659687499998 0.18104395625 0.12836770625 0.196428571875 0.13088659687499998 0.209615384375 0.12836770625 0.2132783875 0.11913176875 0.2132783875 0.1182921390625 0.209615384375 0.10401841875 0.2125457875 0.0947824828125 0.208882784375 0.0880654390625 0.215476190625 0.07379171875 0.2118131875 0.07463135 0.216208790625 0.0611972609375 0.2323260078125 0.067074675 0.2521062265625 0.055319846875 0.25650183125 0.056999107812500005 0.265293040625 0.051961325 0.271886446875 0.0536405859375 0.2770146515625 0.0334894515625 0.2865384609375 0.032649821875 0.2982600734375 0.009140165625 0.3107142859375 0 0.311378871875 0 0.7 0.47273822499999996 0.7 0.4992375625 0.602818315625 0.576470140625 0.5866923078124999 0.6390625 0.5847045453125 0.6390625 0.046978021875
2 0.797643209375 0.4326036953125 0.79233213125 0.4552537515625 0.7999193859375 0.4643137734375 0.810541540625 0.4643137734375 0.8188875187500001 0.43713370625000003 0.8090240890625001 0.42694118124999997 0.797643209375 0.4326036953125
2 0.7862623296875 0.43713370625000003 0.7877797796875 0.42127866718750007 0.7801925265625 0.413351146875 0.7718465484375 0.413351146875 0.7680529203125 0.41901366093750003 0.7650180203125 0.44279622031250004 0.7763989 0.4575187578125 0.7763989 0.4518562421875 0.7862623296875 0.43713370625000003
2 0.837855653125 0.595684103125 0.8173700687500001 0.5888890859375 0.8082653640625 0.605876628125 0.810541540625 0.6228641703125 0.8150938921875 0.6296591874999999 0.8204049703124999 0.6296591874999999 0.8333033000000001 0.61720165625 0.837855653125 0.595684103125
2 0.6914216609375 0.170995540625 0.6982501890625 0.198175609375 0.7164595984375 0.21629565468749998 0.7217706749999999 0.22762068281249997 0.7369451828125 0.2366807046875 0.7506022375 0.233283196875 0.7506022375 0.220825665625 0.743014984375 0.20723563125000002 0.7437737109375 0.1800555640625 0.714942146875 0.16533302656249999 0.6936978375 0.16759803281250002 0.6914216609375 0.170995540625
2 0.9038647578125 0.6568392546874999 0.9023473062499999 0.6398517125 0.894001328125 0.638719209375 0.8917251515625001 0.653441746875 0.8803442718750001 0.653441746875 0.879585546875 0.6704292890625 0.894001328125 0.6760918031250001 0.9015885812500001 0.6692967859375 0.9038647578125 0.6568392546874999
2 0.783986153125 0.12003291406250001 0.76274184375 0.13249044375000002 0.76425929375 0.1415504671875 0.755154590625 0.1551405015625 0.755154590625 0.1755255515625 0.76425929375 0.1902480890625 0.7817099765625001 0.18571807812500002 0.8006781109375 0.2015731171875 0.8044717374999999 0.17439305 0.8021955609375 0.14721298124999999 0.8059891875 0.13702045624999998 0.8029542875000001 0.1279604328125 0.7915734062500001 0.10870788437500001 0.783986153125 0.12003291406250001
2 0.8621348640625 0.13702045624999998 0.8606174124999999 0.125695428125 0.8507539828125001 0.11323789687500001 0.8446841812500001 0.11550290156250001 0.8416492796874999 0.125695428125 0.8408905531249999 0.1438154734375 0.8583412375 0.17212804375 0.8674459406249999 0.1766580546875 0.8803442718750001 0.1755255515625 0.889448975 0.16759803281250002 0.8932426031249999 0.158538009375 0.8962775031250001 0.13135794218750002 0.889448975 0.12229791875 0.8856553484375 0.12116541562500001 0.8803442718750001 0.1268279296875 0.87427446875 0.1415504671875 0.8621348640625 0.13702045624999998
2 0.9395248484375 0.0430227203125 0.9342137703125001 0.0339626984375 0.9251090671875 0.038492709375 0.9228328906249998 0.0668052796875 0.9251090671875 0.0713352921875 0.934972496875 0.0713352921875 0.9387661234374999 0.0668052796875 0.9395248484375 0.0430227203125
2 0.9091758343749999 0.045287726562500005 0.886414075 0.053215246875 0.8841378984375 0.0588777609375 0.8841378984375 0.0679377828125 0.894001328125 0.08152781718749999 0.9053822078125 0.075865303125 0.9129694609375001 0.06227526875 0.9091758343749999 0.045287726562500005
2 0.7249931828125 0 0.7248055765625 0.001120115625 0.7301166546875 0.0101801390625 0.7498435125 0.0090476359375 0.7536371390625 0.00225261875 0.7527316484375 0 0.7249931828125 0
2 0.7680529203125 0.0475527328125 0.777157625 0.03736020625 0.7680529203125 0.0226376703125 0.755154590625 0.026035178125000003 0.755913315625 0.036227703124999996 0.7680529203125 0.0475527328125
2 0.701285090625 0.3442684734375 0.73618645625 0.3601235140625 0.7445324359375001 0.3578585078125 0.7498435125 0.33860595937500004 0.7490847875 0.3216184171875 0.7377039078125 0.31029338906250004 0.7316341046875 0.2876433328125 0.7172183234375 0.291040840625 0.6952152890625001 0.315955903125 0.6944565625 0.33294344531250003 0.701285090625 0.3442684734375
2 0.8788268203125 0.3442684734375 0.894001328125 0.3442684734375 0.894760053125 0.32728093125 0.8977949546874999 0.32275092031249997 0.88869025 0.31029338906250004 0.8712395671875001 0.3080283828125 0.8644110390625 0.318220909375 0.8636523140625 0.3295459375 0.8757919203125001 0.3340759484375 0.8788268203125 0.3442684734375
2 0.886414075 0.36238851875 0.87427446875 0.3601235140625 0.8606174124999999 0.3816410671875 0.8598586875 0.3940985984375 0.8780680953125 0.39749610625 0.889448975 0.38277357031250003 0.8902077015625001 0.3703160390625 0.886414075 0.36238851875
2 1 0.5166166203125 0.98353091875 0.506216378125 0.9744262140625001 0.5141438984375 0.9683564109375 0.53452895 0.9675976859375 0.545853978125 0.9759436640625001 0.5594440125 0.9911181718750001 0.5651065265625 0.9971879734375 0.5605765140625001 1 0.5537558375 1 0.5409912953125 0.99946415 0.5401914640625 1 0.5389117359375 1 0.5166166203125
2 1 1 1 0.7 0.9073892078125001 0.7 0.900240925 0.7347819140625 0.8625116390625 0.7728991296875 0.8050973640624999 0.8535328296875001 0.8379054046875 0.9092427203125 0.8805559374999999 0.9986727562500001 0.96913838125 0.997206821875 0.978033771875 1 1 1