2 0 0.249026440625 0.0053002453125 0.250963296875 0.0383884796875 0.2844011234375 0.070251225 0.2885808515625 0.0984375 0.2729068703125 0.1106924015625 0.250963296875 0.11804534375 0.22066026718749998 0.1021139703125 0.1934920328125 0.0604473046875 0.1788629828125 0.053094362500000006 0.1788629828125 0.037162990624999996 0.1893123046875 0.0187806375 0.17677311874999999 0.0224571078125 0.1621440703125 0.0114276953125 0.15691940937499999 0 0.1588682078125 0 0.249026440625
2 0 0 0 0.03386854375 0.008976715625 0.047201540624999996 0.006525735937500001 0.06810018281249999 0.0212316171875 0.0952684171875 0.043290440624999996 0.108852534375 0.0494178921875 0.11930185468750001 0.0837316171875 0.12034678750000001 0.1094669125 0.1067626703125 0.1229473046875 0.088998825 0.14255514687499998 0.078549503125 0.15235906875 0.055560998437499995 0.15235906875 0.047201540624999996 0.1462316171875 0.04197688125 0.20333869375 0 0 0
1 0.51875 0.309375 1 0.309375 1 0 0.5291220609375 0 0.5308865968750001 0.01385645625 0.52836770625 0.029241071875000003 0.5308865968750001 0.042427884375 0.52836770625 0.0460908875 0.51913176875 0.0460908875 0.51875 0.044425367187499995 0.51875 0.309375
2 0.2952318859375 0.7690012734375 0.305854040625 0.7690012734375 0.31420001875 0.74182120625 0.3043365890625 0.7316286812499999 0.29295570937500004 0.7372911953125 0.28764463125 0.7599412515624999 0.2952318859375 0.7690012734375
2 0.2755050265625 0.718038646875 0.2671590484375 0.718038646875 0.2633654203125 0.7237011609375 0.26033052031250004 0.7474837203125 0.2717114 0.7622062578125 0.2717114 0.7565437421875 0.2815748296875 0.74182120625 0.2830922796875 0.7259661671875001 0.2755050265625 0.718038646875
2 0.3035778640625 0.910564128125 0.305854040625 0.9275516703125 0.3104063921875 0.9343466875 0.31571747031249997 0.9343466875 0.3286158 0.92188915625 0.33316815312500003 0.9003716031250001 0.31268256875 0.8935765859375 0.3035778640625 0.910564128125
2 0 0.6356347875 0.038782720312500005 0.6376309453125 0.051681051562500004 0.6263059171875 0.06457938125 0.6240409109374999 0.0744428109375 0.609318375 0.0767189875 0.5911983296875001 0.06609683281249999 0.5742107875 0.050922325000000004 0.5628857593750001 0.0456112484375 0.5481632218750001 0.041817621875 0.5481632218750001 0.0311954671875 0.5640182609375 0.034230368750000004 0.5945958375 0.0236082125 0.6025233578125 0.00691625625 0.605920865625 0 0.6024797093750001 0 0.6356347875
2 0.2117720984375 0.5209831546875 0.21708317500000002 0.5323081828125 0.23225768281249998 0.5413682046874999 0.2459147375 0.537970696875 0.2459147375 0.5255131656250001 0.238327484375 0.51192313125 0.2390862109375 0.4847430640625 0.210254646875 0.4700205265625 0.18901033750000001 0.4722855328125 0.1867341609375 0.475683040625 0.19356268906250002 0.502863109375 0.2117720984375 0.5209831546875
2 0.057750853125 0.4722855328125 0.060785754687500006 0.4677555203125 0.06230320625 0.45190048125000004 0.06761428281250001 0.4451054640625 0.06761428281250001 0.43717794374999996 0.0531985015625 0.4213229046875 0.0456112484375 0.425852915625 0.044093796875 0.438310446875 0.0478874234375 0.4609605046875 0.0531985015625 0.4722855328125 0.057750853125 0.4722855328125
2 0.1313472109375 0.8618665062499999 0.1237599578125 0.8562039921875 0.1146552546875 0.8641315125 0.110861628125 0.8686615234375001 0.110861628125 0.875456540625 0.12072505625 0.9015041046875 0.127553584375 0.9060341171874999 0.13589956406249998 0.8890465734374999 0.1313472109375 0.8618665062499999
2 0.38931382812500004 0.943406709375 0.3870376515625 0.958129246875 0.375656771875 0.958129246875 0.374898046875 0.9751167890625 0.38931382812500004 0.9807793031250001 0.39690108125 0.9739842859374999 0.3991772578125 0.9615267546874999 0.39765980624999997 0.9445392125 0.38931382812500004 0.943406709375
2 0.25957179375 0.44623796718750003 0.250467090625 0.4598280015625 0.250467090625 0.48021305156250005 0.25957179375 0.4949355890625 0.2770224765625 0.490405578125 0.2959906109375 0.5062606171875 0.2997842375 0.47908055000000005 0.2975080609375 0.45190048125000004 0.30130168749999997 0.44170795625 0.2982667875 0.4326479328125 0.28688590625 0.41339538437499995 0.279298653125 0.42472041406249994 0.25805434374999997 0.43717794374999996 0.25957179375 0.44623796718750003
2 0.3460664828125 0.417925396875 0.33999668125000004 0.4201904015625 0.3369617796875 0.43038292812499995 0.336203053125 0.4485029734375 0.3536537375 0.47681554375 0.362758440625 0.48134555468749995 0.375656771875 0.48021305156250005 0.384761475 0.4722855328125 0.38855510312499997 0.46322550937500007 0.39159000312500003 0.43604544218749997 0.384761475 0.42698541875 0.3809678484375 0.425852915625 0.375656771875 0.4315154296875 0.36958696875 0.44623796718750003 0.3574473640625 0.44170795625 0.3559299125 0.43038292812499995 0.3460664828125 0.417925396875
2 0.42042156718749996 0.343180209375 0.418145390625 0.3714927796875 0.42042156718749996 0.3760227921875 0.43028499687500005 0.3760227921875 0.4340786234375 0.3714927796875 0.4348373484375 0.3477102203125 0.4295262703125 0.3386501984375 0.42042156718749996 0.343180209375
2 0.3794503984375 0.3635652609375 0.3794503984375 0.3726252828125 0.38931382812500004 0.38621531718749996 0.4006947078125 0.380552803125 0.4082819609375 0.36696276875 0.404488334375 0.3499752265625 0.38172657499999996 0.357902746875 0.3794503984375 0.3635652609375
2 0.22220931406250002 0.309375 0.22542915468750002 0.3148676390625 0.2451560125 0.3137351359375 0.24759025625 0.309375 0.22220931406250002 0.309375
2 0.2633654203125 0.3273251703125 0.250467090625 0.330722678125 0.251225815625 0.340915203125 0.2633654203125 0.3522402328125 0.272470125 0.34204770624999997 0.2633654203125 0.3273251703125
2 0 0.9585473296875 0.0046400796875 0.960394253125 0.012986057812499998 0.9513342296874999 0.012986057812499998 0.9286841734374999 0.025125664062500004 0.9241541625 0.03574781875 0.9298166765625 0.0531985015625 0.920756653125 0.060785754687500006 0.912829134375 0.0615444796875 0.90716661875 0.056233403125000005 0.8811190546875001 0.04864615 0.8777215453124999 0.041058895312499996 0.9026366078125001 0.0220907625 0.9037691109375 0.0182971359375 0.895841590625 0.0099511578125 0.8992391 0.0038813546875 0.9049016140624999 0.001605178125 0.912829134375 0.0038813546875 0.9298166765625 0 0.9307822531250001 0 0.9585473296875
2 0.084306240625 0.923021659375 0.10099819843749999 0.9150941390625 0.0964458453125 0.8969740937499999 0.084306240625 0.8947090890624999 0.071407909375 0.9049016140624999 0.0683730078125 0.912829134375 0.084306240625 0.923021659375
2 0.23984493593749998 0.6625460078125001 0.2451560125 0.6432934593749999 0.2443972875 0.6263059171875 0.23301640781250002 0.6149808890624999 0.2269466046875 0.5923308328125 0.2125308234375 0.595728340625 0.1905277890625 0.620643403125 0.1897690625 0.6376309453125 0.19659759062499998 0.6489559734375 0.23149895625 0.6648110140625001 0.23984493593749998 0.6625460078125001
2 0.390072553125 0.63196843125 0.3931074546875 0.6274384203125 0.38400275 0.6149808890624999 0.3665520671875 0.6127158828124999 0.3597235390625 0.622908409375 0.3589648140625 0.6342334375 0.3711044203125 0.6387634484375 0.37413932031249997 0.6489559734375 0.38931382812500004 0.6489559734375 0.390072553125 0.63196843125
2 0.3559299125 0.6863285671874999 0.3551711875 0.6987860984375001 0.3733805953125 0.70218360625 0.384761475 0.6874610703125 0.3855202015625 0.6750035390625 0.38172657499999996 0.66707601875 0.36958696875 0.6648110140625001 0.3559299125 0.6863285671874999
2 0.486430671875 0.8697940265625 0.49250047343750003 0.8652640140625 0.49857027656249997 0.850541478125 0.49477665000000004 0.8448789640625 0.49857027656249997 0.8358189406250001 0.49857027656249997 0.8233614093749999 0.47884341875 0.810903878125 0.46973871406249995 0.8188313984375 0.4636689109375 0.83921645 0.4629101859375 0.850541478125 0.47125616406250004 0.8641315125 0.486430671875 0.8697940265625
2 0 0.309375 0 0.31878791875 0.0038813546875 0.31713264375 0.013744784375 0.3227951578125 0.017538410937500002 0.3160001421875 0.014503509375000001 0.310337628125 0.01278373125 0.309375 0 0.309375
2 1 0.700108365625 0.9430074515625 0.69228830625 0.9010259234374999 0.6707829296875 0.90018629375 0.6707829296875 0.910261859375 0.6936323921875001 0.9119411203125001 0.712449596875 0.9539226484375 0.7890625 0.9598000625 0.8105678765625001 0.9698756296875001 0.8213205640624999 1 0.8335563234375 1 0.700108365625