2 0.3443627453125 0.641588296875 0.37745097968749997 0.6750261234375 0.40931372499999996 0.6792058515625 0.4375 0.6635318703124999 0.44975490156250003 0.641588296875 0.45710784374999996 0.6112852671875 0.44117647031249996 0.5841170328125 0.39950980468749997 0.5694879828125 0.3921568625 0.5694879828125 0.376225490625 0.5799373046875 0.3578431375 0.56739811875 0.3615196078125 0.5527690703125 0.35049019531250003 0.547544409375 0.3014705875 0.555903865625 0.28676470625 0.571577846875 0.28431372499999996 0.575757575 0.2916666671875 0.587251828125 0.3014705875 0.625914315625 0.3443627453125 0.641588296875
2 0 0.31034482812499997 0.09926470625 0.3636363640625 0.10539215625000001 0.3605015671875 0.1115196078125 0.34587251874999997 0.125 0.335423196875 0.1286764703125 0.3249738765625 0.1458333328125 0.3322884015625 0.16176470625 0.326018809375 0.1764705875 0.327063740625 0.186274509375 0.3124346921875 0.1936274515625 0.31034482812499997 0.18995097968750002 0.3019853703125 0.19607843125 0.294670846875 0.1813725484375 0.2706374078125 0.188725490625 0.254963428125 0.1458333328125 0.22779519375 0.1299019609375 0.23928944687499998 0.09068627500000001 0.2309299890625 0.0122549015625 0.2570532921875 0 0.271682340625 0 0.31034482812499997
2 0 0.2257053296875 0.0318627453125 0.24033437812499997 0.0477941171875 0.24242424218749997 0.045343137500000005 0.217345871875 0.055147059374999995 0.19435736718750002 0.0490196078125 0.1828631140625 0.052696078125000004 0.17345872499999998 0.0502450984375 0.14211076250000002 0.0036764703125 0.1389759671875 0 0.1400208984375 0 0.2257053296875
2 0.1740196078125 0.397074190625 0.1936274515625 0.40647857812500005 0.20465686249999998 0.4263322890625 0.20588235312499997 0.4388714734375 0.2193627453125 0.44618599843749995 0.23284313750000002 0.43260188125 0.2267156859375 0.42319749218749997 0.23161764687500003 0.4117032390625 0.2438725484375 0.40438871406250004 0.23774509843749997 0.3876698015625 0.1654411765625 0.34900731406249996 0.1568627453125 0.3563218390625 0.1482843140625 0.3803552765625 0.1654411765625 0.39498432656250004 0.16789215625 0.4033437828125 0.1740196078125 0.397074190625
2 0.31004902031250003 0.381400209375 0.348039215625 0.437826540625 0.3455882359375 0.45872518281249997 0.3602941171875 0.4858934171875 0.382352940625 0.499477534375 0.3884803921875 0.5099268546875 0.4227941171875 0.5109717875 0.4485294125 0.4973876703125 0.4620098046875 0.479623825 0.481617646875 0.469174503125 0.49142156875 0.44618599843749995 0.49142156875 0.437826540625 0.4852941171875 0.43260188125 0.5563725484375001 0.3803552765625 0.5747549015625 0.3887147328125 0.5857843140625 0.3803552765625 0.5919117640625 0.3646812953125 0.589460784375 0.34587251874999997 0.60539215625 0.3301985375 0.6299019609375 0.327063740625 0.6384803921875 0.3155694875 0.6372549015625 0.29989550625 0.66789215625 0.294670846875 0.671568628125 0.27586206875 0.660539215625 0.264367815625 0.6495098046875001 0.2695924765625 0.6323529406249999 0.26854754375 0.6188725484375001 0.27272727343750003 0.6041666671875 0.2978056421875 0.598039215625 0.29989550625 0.572303921875 0.280041796875 0.5600490203125 0.280041796875 0.5404411765625 0.28735632187500004 0.534313725 0.30616509999999997 0.5171568625 0.3176593515625 0.5049019609375 0.30616509999999997 0.484068628125 0.298850575 0.4889705875 0.2695924765625 0.455882353125 0.2612330203125 0.44240196093749995 0.2507836984375 0.4203431375 0.24451410624999997 0.41053921562499995 0.2507836984375 0.40318627500000004 0.2706374078125 0.373774509375 0.3124346921875 0.3602941171875 0.3166144203125 0.33823529375 0.3092998953125 0.32475490156250003 0.32183907968750003 0.29289215625 0.3228840125 0.2806372546875 0.3322884015625 0.257352940625 0.3396029265625 0.25857843125 0.35109717812499996 0.2732843140625 0.354231975 0.2990196078125 0.3803552765625 0.31004902031250003 0.381400209375
2 0.8002450984375 0.28213166093750003 0.8235294124999999 0.27272727343750003 0.8333333328125001 0.27272727343750003 0.8504901953124999 0.2612330203125 0.846813725 0.228840125 0.8370098046875001 0.2183908046875 0.8235294124999999 0.21316614375 0.7904411765625 0.2183908046875 0.7579656859375 0.23406478593750002 0.7377450984375 0.23197492187500002 0.7279411765625 0.2267502609375 0.7046568625 0.23719958124999999 0.705882353125 0.2507836984375 0.7377450984375 0.2967607109375 0.7818627453125 0.294670846875 0.8002450984375 0.28213166093750003
2 0.8235294124999999 0.3019853703125 0.8174019609375 0.2978056421875 0.8026960781250001 0.298850575 0.7977941171875 0.3155694875 0.8186274515624999 0.3291536046875 0.8235294124999999 0.3207941484375 0.8235294124999999 0.3019853703125
2 0.3014705875 0.2100313484375 0.3272058828125 0.2068965515625 0.328431371875 0.1985370953125 0.31004902031250003 0.16509926875 0.2794117640625 0.1588296765625 0.2475490203125 0.17345872499999998 0.24632352968750001 0.18181818125 0.25857843125 0.19644723125000002 0.27573529375 0.19749216249999998 0.3014705875 0.2100313484375
2 0.375 0.23615465000000002 0.3700980390625 0.23510971718749998 0.36274509843749997 0.24137931093749998 0.35539215625 0.23510971718749998 0.3529411765625 0.23928944687499998 0.3578431375 0.247648903125 0.3688725484375 0.24451410624999997 0.375 0.23615465000000002
2 0.65073529375 0.24451410624999997 0.6397058828125 0.23406478593750002 0.6225490203125 0.22779519375 0.6029411765625 0.24033437812499997 0.5955882359375 0.256008359375 0.5943627453125 0.27481713750000003 0.6041666671875 0.28108672968750004 0.6421568625 0.2654127484375 0.65073529375 0.24451410624999997
2 0.634803921875 0.113897596875 0.6568627453125 0.1034482765625 0.6556372546875 0.0929989546875 0.6384803921875 0.0846394984375 0.6299019609375 0.0731452453125 0.5955882359375 0.0721003140625 0.5833333328125 0.062695925 0.57107843125 0.0679205859375 0.5747549015625 0.08359456562499999 0.6029411765625 0.09822361562500001 0.6041666671875 0.11703239218749999 0.634803921875 0.113897596875
2 0.7830882359375 0.3396029265625 0.7671568625 0.327063740625 0.7573529406249999 0.326018809375 0.75 0.3291536046875 0.740196078125 0.34900731406249996 0.7389705875 0.3563218390625 0.7561274515624999 0.3646812953125 0.7745098046875001 0.357366771875 0.7830882359375 0.3396029265625
2 0.6813725484375001 0.1985370953125 0.677696078125 0.19226750312500002 0.65073529375 0.1912225703125 0.643382353125 0.19644723125000002 0.64460784375 0.2183908046875 0.66176470625 0.2225705328125 0.677696078125 0.2100313484375 0.6813725484375001 0.1985370953125
2 0.09926470625 0.1316614421875 0.07965686250000001 0.11598746093750001 0.055147059374999995 0.121212121875 0.05392156875 0.12643678125 0.0674019609375 0.1483803546875 0.0943627453125 0.1389759671875 0.09926470625 0.1316614421875
2 0.561274509375 0.1274817140625 0.552696078125 0.10971786875 0.5404411765625 0.1118077328125 0.5330882359375 0.1233019859375 0.5318627453125 0.13375130625 0.54289215625 0.1431556953125 0.5490196078125 0.14211076250000002 0.561274509375 0.1274817140625
2 0.5147058828125 0.14211076250000002 0.509803921875 0.130616509375 0.5171568625 0.11598746093750001 0.53676470625 0.1076280046875 0.53676470625 0.10240334375 0.52573529375 0.09613375156250001 0.509803921875 0.09508881875 0.4889705875 0.12434691718749999 0.4865196078125 0.13375130625 0.49632352968750004 0.1442006265625 0.5024509796875 0.146290490625 0.5147058828125 0.14211076250000002