1 0 0.36875 0.509375 0.36875 0.509375 0 0 0 0 0.36875
1 0.509375 0.36875 1 0.36875 1 0.22409892031249998 0.93821136875 0.22409892031249998 0.906941409375 0.2270286421875 0.8921290640624999 0.24900375156250001 0.8657957296875001 0.24607329843749998 0.819712603125 0.2431435765625 0.7917340015625 0.25779365 0.7505891453125 0.2680484078125 0.735775978125 0.24021385468749998 0.7143809156250001 0.2358185390625 0.666651696875 0.260723371875 0.6633603390625 0.28855865625 0.6567768 0.3076033125 0.62056939375 0.32078779218750003 0.59258996875 0.3310432828125 0.5596739203125 0.3310432828125 0.53169531875 0.32664796875 0.511945525 0.31346275625 0.509375 0.298971584375 0.509375 0.36875
1 0.9483603390625 0.12050009218749999 0.9343685703125001 0.1139115109375 0.9302533437499999 0.11464357656249999 0.92366898125 0.10951912500000001 0.9022698046875 0.108054996875 0.8907471703125001 0.103662609375 0.8751093109375001 0.10878706093749999 0.857825359375 0.1241604140625 0.8561792703125001 0.1285528 0.8586484046875 0.132213121875 0.8759323562500001 0.146122346875 0.9183191875000001 0.14539028125 0.945891203125 0.1505147328125 0.9508294750000001 0.1490506046875 0.9582368828125001 0.1395337671875 0.9730516968749999 0.1373375734375 0.9788130140625 0.13367725156250002 0.9771669234375 0.1292848640625 0.968936471875 0.1241604140625 0.9483603390625 0.12050009218749999
1 1 0.059888017187499996 0.9944508750000001 0.046561584375 0.9895126031250001 0.044365392187500005 0.9697595171875001 0.0458295203125 0.9615290640625 0.0494898421875 0.9532986109374999 0.061202873437500006 0.9516525203124999 0.069987646875 0.9541216562500001 0.07364796875 0.9788130140625 0.07877241874999999 0.9895126031250001 0.0875571921875 0.9936278296874999 0.1000022875 0.9936278296874999 0.1139115109375 1 0.1205239203125 1 0.059888017187499996
1 0.8059735078125 0.2017592421875 0.8125578703125 0.2046875 0.81502700625 0.2171325953125 0.819965278125 0.22006085312499998 0.833957046875 0.217864659375 0.857825359375 0.2017592421875 0.8619405859375 0.19517066249999998 0.8602944953125 0.1885820828125 0.8421875 0.1812614390625 0.8191422328125 0.1790652453125 0.806796553125 0.18711795312499999 0.8059735078125 0.2017592421875
1 0.8463027265624999 0.151246796875 0.8446566359375 0.14392615312499998 0.8364261828125 0.13587344375 0.8183191875 0.1300169296875 0.7960969656250001 0.11171531875 0.76070601875 0.11537564062500001 0.7434220671875 0.127088671875 0.742599021875 0.13587344375 0.745891203125 0.1395337671875 0.762352109375 0.1424620234375 0.7672903812499999 0.1483185390625 0.77798996875 0.1505147328125 0.7878665125 0.1614956984375 0.7903356484375 0.172476665625 0.7952739203125001 0.1768690515625 0.806796553125 0.1761369875 0.8121463484374999 0.1721106328125 0.8364261828125 0.16662015 0.8463027265624999 0.151246796875
1 0.6668788578125 0.0875571921875 0.6833397640625 0.09414577187499999 0.6923932609375 0.096341965625 0.7137924375 0.09487783749999999 0.7294302984375 0.098538159375 0.7442451125 0.08828925625 0.752475565625 0.077308290625 0.750829475 0.0721838390625 0.7393068421875 0.061934937499999995 0.7327224796875 0.061934937499999995 0.667701903125 0.07950448437499999 0.6668788578125 0.0875571921875
1 0.59774305625 0.0729159046875 0.5960969656249999 0.07877241874999999 0.582928240625 0.08462893437499999 0.5870434671875 0.09414577187499999 0.6043274171874999 0.09780609375 0.616673096875 0.1139115109375 0.629018775 0.11171531875 0.6446566359375 0.10439467499999999 0.6504179531250001 0.0970740296875 0.6487718625000001 0.09048545 0.6331340015625 0.0875571921875 0.630664865625 0.0729159046875 0.6257265953125 0.0648631953125 0.6067965531249999 0.066327325 0.59774305625 0.0729159046875
1 0.7393068421875 0.2046875 0.7532986109375 0.20615162812499999 0.7631751546875 0.2046875 0.7771669234375 0.1907782765625 0.7738747421875 0.177601115625 0.7664673359374999 0.16881634375000001 0.762352109375 0.1680842796875 0.7541216562499999 0.16881634375000001 0.735191615625 0.1885820828125 0.735191615625 0.2017592421875 0.7393068421875 0.2046875
1 0.509375 0.16775487656250002 0.52626404375 0.1636545578125 0.552083796875 0.1399063875 0.56413235625 0.12764943281250002 0.5847875 0.111561584375 0.5865093109374999 0.087813415625 0.5692961421875 0.07862015 0.5460591046875 0.0908778375 0.509375 0.1022679375 0.509375 0.16775487656250002
1 0.509375 0 0.509375 0.0160245828125 0.5096772125 0.0172790078125 0.518730709375 0.0231355234375 0.531899434375 0.024599651562499998 0.5360146609374999 0.0194752015625 0.5360146609374999 0.010690428125 0.527200703125 0 0.509375 0
2 0.509375 0.36875 0 0.36875 0 0.9043976515625001 0.017555451562499998 0.9169766640624999 0.054039696875 0.93176409375 0.0739401953125 0.9280672359375 0.0921823171875 0.9169766640624999 0.15188380937499998 0.8430395109374998 0.18836805625 0.8282520796874999 0.20163505312500002 0.8005256468749999 0.1933431796875 0.74507278125 0.38405628125 0.728436921875 0.40395677812499997 0.7727992140625 0.4288324 0.79313193125 0.453708021875 0.79313193125 0.4669750203125 0.7838897874999999 0.47692526874999996 0.7894350734375 0.48521714375 0.8079193625000001 0.509375 0.8093365421875 0.509375 0.36875
1 0.525990575 0.36875 0.5197680265625 0.370506440625 0.509375 0.38823868125 0.509375 1 1 1 1 0.5268314546874999 0.996341965625 0.529757025 0.9926816437500001 0.5484923890625 0.9838968703125002 0.537953746875 0.9860930640625 0.5344408671875 0.9853609999999999 0.525073184375 0.97877241875 0.5332699062499999 0.9736479687500001 0.5274151046875 0.9729159046875001 0.5180474234375 0.9765762265625 0.515705503125 0.9765762265625 0.5110216624999999 0.9729159046875001 0.5039959015625 0.975112096875 0.49814109999999995 0.966327325 0.484089578125 0.967791453125 0.466525175 0.9838968703125002 0.4325673296875 0.984628934375 0.4091481265625 0.9817006765624999 0.389241803125 0.97877241875 0.397438525 0.975112096875 0.398609484375 0.975112096875 0.389241803125 0.9721838390624999 0.3857289234375 0.9743800328125001 0.3822160421875 0.969987646875 0.3740193203125 0.969987646875 0.36875 0.525990575 0.36875